paramters      			normal         			phoScale_up    			phoScale_dn    			phoSmear_up    			phoSmear_dn    			lepScale_up    			lepScale_dn    			lepSmear_up    			lepSmear_dn    			
sigma0         	      0.0552845			      0.0552845			      0.0552845			      0.0552845			 0.817675736472			      0.0552845			      0.0552845			 0.817675736472			 0.817675736472			
sigma1         	        1.08468			        1.08468			        1.08468			 0.923369872513			 0.922354817475			        1.08468			        1.08468			  0.91243546557			 0.929623832939			
sigma2         	        6.16043			        6.16043			        6.16043			  11.0458503799			  11.0416826632			        6.16043			        6.16043			  11.1823733503			  11.1819117925			
sigma3         	        1.72545			        1.72545			        1.72545			  1.85096051559			  1.84981134894			        1.72545			        1.72545			  1.87123230966			  1.85002478874			
dm0            	     -0.0655347			 -1.49544551223			 -1.49544551223			     -0.0655347			     -0.0655347			 -1.49544551223			 -1.49544551223			     -0.0655347			     -0.0655347			
dm1            	      -0.357444			-0.0478766324149			-0.0926544824746			      -0.357444			      -0.357444			-0.0480334467958			-0.0922053337634			      -0.357444			      -0.357444			
dm2            	        2.23738			  2.99999902615			  2.99999979851			        2.23738			        2.23738			  2.99995875085			  2.99999997369			        2.23738			        2.23738			
dm3            	      -0.226777			-0.285562137297			 -0.33734320234			      -0.226777			      -0.226777			-0.233707504793			-0.380718389483			      -0.226777			      -0.226777			
photonCatSmear=photon_Smear_M1_18,lepton_Smear_M1_18,
photonCatScale=photon_Scale_M1_18,lepton_Scale_M1_18,
diphotonCat=0
proc=ggh
photon_Smear_1_18	0.0	5.0219433503	0.0
lepton_Smear_1_18	0.0	5.0219433503	0.0
photon_Scale_1_18	0.0114452870054	0.0	0.0
lepton_Scale_1_18	0.0114452870054	0.0	0.0
