paramters      			normal         			phoScale_up    			phoScale_dn    			phoSmear_up    			phoSmear_dn    			lepScale_up    			lepScale_dn    			lepSmear_up    			lepSmear_dn    			
sigma0         	      0.0553823			      0.0553823			      0.0553823			 0.817270943112			      0.0553823			      0.0553823			      0.0553823			 0.817270943112			  2.16740628988			
sigma1         	        1.75688			        1.75688			        1.75688			  1.90425966143			  1.90368079624			        1.75688			        1.75688			  1.92306261986			  1.91304399376			
sigma2         	        6.05617			        6.05617			        6.05617			  12.2878622814			  12.2808093291			        6.05617			        6.05617			  12.2521924745			   12.520807827			
sigma3         	        1.02913			        1.02913			        1.02913			 0.944348044725			 0.943165621799			        1.02913			        1.02913			 0.942973668658			 0.935701593161			
dm0            	     -0.0652533			 -1.49520150197			 -1.49520150197			     -0.0652533			     -0.0652533			 -1.49520150197			     -0.0652533			     -0.0652533			     -0.0652533			
dm1            	        -0.1912			-0.321242490177			-0.371603869397			        -0.1912			        -0.1912			-0.265014875238			-0.413758663783			        -0.1912			        -0.1912			
dm2            	        2.23737			  2.99999849234			  2.99999999955			        2.23737			        2.23737			  2.99999950708			  2.99999981454			        2.23737			        2.23737			
dm3            	      -0.371351			0.0873240699427			0.0389592613895			      -0.371351			      -0.371351			0.0935688697105			0.0332384025233			      -0.371351			      -0.371351			
photonCatSmear=photon_Smear_M1_16,lepton_Smear_M1_16,
photonCatScale=photon_Scale_M1_16,lepton_Scale_M1_16,
diphotonCat=0
proc=ggh
photon_Smear_1_16	0.0	6.46463782698	0.0
lepton_Smear_1_16	0.0	6.46463782698	0.0
photon_Scale_1_16	0.0114455605005	0.0	0.0
lepton_Scale_1_16	0.0114455605005	0.0	0.0
