paramters      			normal         			phoScale_up    			phoScale_dn    			phoSmear_up    			phoSmear_dn    			lepScale_up    			lepScale_dn    			lepSmear_up    			lepSmear_dn    			
sigma0         	       0.278767			       0.278767			       0.278767			  19.9154662246			 0.140819185962			       0.278767			       0.278767			0.0592205325248			 0.172020248267			
sigma1         	        1.16426			        1.16426			        1.16426			   19.998845615			  19.9999356077			        1.16426			        1.16426			   19.999901667			   19.999872876			
sigma2         	        2.24451			        2.24451			        2.24451			  3.03752067122			  3.15518456167			        2.24451			        2.24451			    3.276919715			  3.17880693362			
sigma3         	        1.34256			        1.34256			        1.34256			  1.39285698292			  1.40956174906			        1.34256			        1.34256			  1.40441924079			  1.39587898637			
dm0            	      -0.386207			-0.389120122017			-0.441440410091			      -0.386207			      -0.386207			-0.354113398923			-0.495939698412			      -0.386207			      -0.386207			
dm1            	        2.25012			  2.99999996222			  2.99999983227			        2.25012			        2.25012			  2.99999999758			  2.99999956441			        2.25012			        2.25012			
dm2            	       -2.14988			 -2.98350597864			  -2.9999969839			       -2.14988			       -2.14988			 -2.99999961995			 -2.99999983999			       -2.14988			       -2.14988			
dm3            	      -0.317729			-0.198236317209			-0.249719153042			      -0.317729			      -0.317729			-0.170719158319			-0.284959912524			      -0.317729			      -0.317729			
photonCatSmear=photon_Smear_M5_18,lepton_Smear_M5_18,
photonCatScale=photon_Scale_M5_18,lepton_Scale_M5_18,
diphotonCat=0
proc=ggh
photon_Smear_5_18	0.0	19.6366992246	0.0
lepton_Smear_5_18	0.0	19.6366992246	0.0
photon_Scale_5_18	0.0069199756581	0.0	0.0
lepton_Scale_5_18	0.0069199756581	0.0	0.0
