paramters      			normal         			phoScale_up    			phoScale_dn    			phoSmear_up    			phoSmear_dn    			lepScale_up    			lepScale_dn    			lepSmear_up    			lepSmear_dn    			
sigma0         	      0.0850695			      0.0850695			      0.0850695			 0.713246688847			 0.713246688847			      0.0850695			      0.0850695			      0.0850695			 0.713246688847			
sigma1         	        1.09445			        1.09445			        1.09445			   19.787533019			  19.9999999868			        1.09445			        1.09445			  19.9987791577			  19.9929395385			
sigma2         	        2.23017			        2.23017			        2.23017			  3.06093012416			  3.04911693992			        2.23017			        2.23017			  3.18713317932			  3.08676495531			
sigma3         	        1.30717			        1.30717			        1.30717			  1.34406147244			  1.34399963908			        1.30717			        1.30717			  1.33700357399			  1.32403935237			
dm0            	      -0.236094			 -1.64100778222			 -1.64100778222			      -0.236094			      -0.236094			 -1.64100778222			 -1.64100778222			      -0.236094			      -0.236094			
dm1            	        2.25012			  2.99999958359			  2.99999715598			        2.25012			        2.25012			  2.99999999858			  2.99999957809			        2.25012			        2.25012			
dm2            	       -2.14988			  -2.9153840897			 -2.97848093686			       -2.14988			       -2.14988			  -2.9999999952			 -2.99999929363			       -2.14988			       -2.14988			
dm3            	      -0.323266			-0.191327676933			 -0.24309987809			      -0.323266			      -0.323266			 -0.16476270358			-0.275551221248			      -0.323266			      -0.323266			
photonCatSmear=photon_Smear_M5_16,lepton_Smear_M5_16,
photonCatScale=photon_Scale_M5_16,lepton_Scale_M5_16,
diphotonCat=0
proc=ggh
photon_Smear_5_16	0.0	18.9055499868	0.0
lepton_Smear_5_16	0.0	18.9055499868	0.0
photon_Scale_5_16	0.0112605786983	0.0	0.0
lepton_Scale_5_16	0.0112605786983	0.0	0.0
