paramters      			normal         			phoScale_up    			phoScale_dn    			phoSmear_up    			phoSmear_dn    			lepScale_up    			lepScale_dn    			lepSmear_up    			lepSmear_dn    			
sigma0         	       0.101339			       0.101339			       0.101339			  19.9999080404			0.0100188760217			       0.101339			       0.101339			0.0100041795165			 0.832859912034			
sigma1         	        0.39956			        0.39956			        0.39956			  2.47370709296			  2.44616079689			        0.39956			        0.39956			  2.59476625147			  2.46753875459			
sigma2         	        5.98204			        5.98204			        5.98204			  11.0950165851			  11.1067425676			        5.98204			        5.98204			  11.1742807101			  11.1530310848			
sigma3         	        1.54108			        1.54108			        1.54108			  1.63008354008			  1.62928720547			        1.54108			        1.54108			  1.63564033523			   1.6242201209			
dm0            	      0.0249542			-0.0446460431712			-0.198599014428			      0.0249542			      0.0249542			0.00907622982315			-0.337174755557			      0.0249542			      0.0249542			
dm1            	       -1.04821			 -1.07333976232			 -1.11621176879			       -1.04821			       -1.04821			  -1.0478602455			 -1.11115162141			       -1.04821			       -1.04821			
dm2            	        2.23738			  2.99998371313			  2.99999980967			        2.23738			        2.23738			  2.99997189254			  2.99999996814			        2.23738			        2.23738			
dm3            	      -0.137767			-0.193296244138			-0.243296631811			      -0.137767			      -0.137767			-0.149309404283			-0.275569475144			      -0.137767			      -0.137767			
photonCatSmear=photon_Smear_M1_17,lepton_Smear_M1_17,
photonCatScale=photon_Scale_M1_17,lepton_Scale_M1_17,
diphotonCat=0
proc=ggh
photon_Smear_1_17	0.0	19.8985690404	0.0
lepton_Smear_1_17	0.0	19.8985690404	0.0
photon_Scale_1_17	0.00599367865118	0.0	0.0
lepton_Scale_1_17	0.00599367865118	0.0	0.0
