paramters      			normal         			phoScale_up    			phoScale_dn    			phoSmear_up    			phoSmear_dn    			lepScale_up    			lepScale_dn    			lepSmear_up    			lepSmear_dn    			
sigma0         	        0.14837			        0.14837			        0.14837			 0.494547619313			 0.539312585252			        0.14837			        0.14837			  0.59470854591			 0.737204262783			
sigma1         	        1.27452			        1.27452			        1.27452			   1.1735682696			  1.17227565538			        1.27452			        1.27452			  1.17093844475			  1.16266911253			
sigma2         	        11.0707			        11.0707			        11.0707			  19.9999679103			  19.9999666575			        11.0707			        11.0707			  19.9999625458			  19.9999307019			
sigma3         	        2.64128			        2.64128			        2.64128			  2.81418528185			  2.81310892117			        2.64128			        2.64128			  2.91390499641			  2.83521995276			
dm0            	     -0.0442199			 -2.34070852649			   2.3428724995			     -0.0442199			     -0.0442199			 -2.31988607326			  2.37506039634			     -0.0442199			     -0.0442199			
dm1            	      -0.261486			-0.265165882939			-0.329948457716			      -0.261486			      -0.261486			-0.247367124732			-0.345861082652			      -0.261486			      -0.261486			
dm2            	       -1.72748			-0.705673952219			-0.863956187575			       -1.72748			       -1.72748			  -2.9998454118			  -2.9999882664			       -1.72748			       -1.72748			
dm3            	       -2.12744			 -1.69166113416			 -1.75380046218			       -2.12744			       -2.12744			 -1.63336969498			 -1.76105973672			       -2.12744			       -2.12744			
photonCatSmear=photon_Smear_M30_18,lepton_Smear_M30_18,
photonCatScale=photon_Scale_M30_18,lepton_Scale_M30_18,
diphotonCat=0
proc=ggh
photon_Smear_30_18	0.0	8.92926791035	0.0
lepton_Smear_30_18	0.0	8.92926791035	0.0
photon_Scale_30_18	0.0193610915349	0.0	0.0
lepton_Scale_30_18	0.0193610915349	0.0	0.0
