paramters      			normal         			phoScale_up    			phoScale_dn    			phoSmear_up    			phoSmear_dn    			lepScale_up    			lepScale_dn    			lepSmear_up    			lepSmear_dn    			
sigma0         	        1.34821			        1.34821			        1.34821			  1.25686998254			  1.25600400138			        1.34821			        1.34821			  1.26197641724			  1.38521814874			
sigma1         	       0.719246			       0.719246			       0.719246			  1.93518831931			  1.92465553048			       0.719246			       0.719246			  1.90765227507			 0.575585545712			
sigma2         	        4.76834			        4.76834			        4.76834			  16.0171545331			  15.9335940559			        4.76834			        4.76834			  17.4415252711			  16.8808309751			
sigma3         	        2.42401			        2.42401			        2.42401			  2.79613319203			  2.79835912731			        2.42401			        2.42401			  2.86844867358			  2.78533212475			
dm0            	      -0.329109			-0.176574071276			-0.232276105985			      -0.329109			      -0.329109			-0.154404421705			-0.260209306263			      -0.329109			      -0.329109			
dm1            	       -0.15021			-0.234098221403			-0.294436513974			       -0.15021			       -0.15021			-0.209648898403			-0.325422171691			       -0.15021			       -0.15021			
dm2            	       -2.16039			 -2.25525375551			 -2.31719186813			       -2.16039			       -2.16039			 -2.99990604732			 -2.99998949362			       -2.16039			       -2.16039			
dm3            	       -2.16039			  -2.0697694007			 -2.11856507424			       -2.16039			       -2.16039			 -1.90248568588			 -2.06429520042			       -2.16039			       -2.16039			
photonCatSmear=photon_Smear_M15_17,lepton_Smear_M15_17,
photonCatScale=photon_Scale_M15_17,lepton_Scale_M15_17,
diphotonCat=0
proc=ggh
photon_Smear_15_17	0.0	12.6731852711	0.0
lepton_Smear_15_17	0.0	12.6731852711	0.0
photon_Scale_15_17	0.00683492477402	0.0	0.0
lepton_Scale_15_17	0.00683492477402	0.0	0.0
