paramters      			normal         			phoScale_up    			phoScale_dn    			phoSmear_up    			phoSmear_dn    			lepScale_up    			lepScale_dn    			lepSmear_up    			lepSmear_dn    			
sigma0         	          0.877			          0.877			          0.877			  0.80829629155			 0.806646616399			          0.877			          0.877			 0.823761773327			 0.809530788458			
sigma1         	       0.873737			       0.873737			       0.873737			  1.01910687977			  1.01715790009			       0.873737			       0.873737			  1.10600552749			  1.00334248282			
sigma2         	       0.640646			       0.640646			       0.640646			  0.69953083868			  0.70024128107			       0.640646			       0.640646			 0.727420707347			 0.702507577378			
sigma3         	        2.96118			        2.96118			        2.96118			  4.43077125957			  4.43044463383			        2.96118			        2.96118			  4.57999530125			  4.52494664301			
dm0            	      -0.177703			-0.0888034908832			-0.144966635864			      -0.177703			      -0.177703			-0.0506569201111			-0.160448665233			      -0.177703			      -0.177703			
dm1            	       -2.01908			 -1.51460653547			 -1.56647870868			       -2.01908			       -2.01908			 -1.45232533502			 -1.52946526704			       -2.01908			       -2.01908			
dm2            	        1.66408			  1.95960940515			  1.91106269463			        1.66408			        1.66408			  2.03796932104			  1.90555782291			        1.66408			        1.66408			
dm3            	       -2.16039			 -2.01225414084			  -2.0707660497			       -2.16039			       -2.16039			 -2.12895718558			 -2.26115531201			       -2.16039			       -2.16039			
photonCatSmear=photon_Smear_M15_16,lepton_Smear_M15_16,
photonCatScale=photon_Scale_M15_16,lepton_Scale_M15_16,
diphotonCat=0
proc=ggh
photon_Smear_15_16	0.0	1.61881530125	0.0
lepton_Smear_15_16	0.0	1.61881530125	0.0
photon_Scale_15_16	0.00460847637972	0.0	0.0
lepton_Scale_15_16	0.00460847637972	0.0	0.0
