paramters      			normal         			phoScale_up    			phoScale_dn    			phoSmear_up    			phoSmear_dn    			lepScale_up    			lepScale_dn    			lepSmear_up    			lepSmear_dn    			
sigma0         	       0.194628			       0.194628			       0.194628			0.0277094311061			0.0318866000251			       0.194628			       0.194628			 0.091035408772			 0.150947439143			
sigma1         	        2.30817			        2.30817			        2.30817			  2.97595274681			  2.97606988649			        2.30817			        2.30817			  3.11228825743			  3.01079924466			
sigma2         	        1.03793			        1.03793			        1.03793			  19.9999017066			  19.9997592646			        1.03793			        1.03793			  19.9822153001			  19.9989366088			
sigma3         	        1.30429			        1.30429			        1.30429			   1.3966858437			  1.39501982226			        1.30429			        1.30429			  1.38784268493			  1.38019413436			
dm0            	      -0.408279			  -0.3917862765			-0.437858615734			      -0.408279			      -0.408279			 -0.35737909966			-0.495293761635			      -0.408279			      -0.408279			
dm1            	       -2.25012			 -2.96692419785			 -2.99999698706			       -2.25012			       -2.25012			 -2.99999910419			  -2.9999957494			       -2.25012			       -2.25012			
dm2            	        2.25012			  2.99999987646			  2.99999999622			        2.25012			        2.25012			  2.99999999971			  2.99992742178			        2.25012			        2.25012			
dm3            	      -0.331407			-0.273146310262			-0.321580514714			      -0.331407			      -0.331407			-0.244332088203			-0.355612667377			      -0.331407			      -0.331407			
photonCatSmear=photon_Smear_M5_17,lepton_Smear_M5_17,
photonCatScale=photon_Scale_M5_17,lepton_Scale_M5_17,
diphotonCat=0
proc=ggh
photon_Smear_5_17	0.0	18.9619717066	0.0
lepton_Smear_5_17	0.0	18.9619717066	0.0
photon_Scale_5_17	0.00610900071097	0.0	0.0
lepton_Scale_5_17	0.00610900071097	0.0	0.0
