paramters      			normal         			phoScale_up    			phoScale_dn    			phoSmear_up    			phoSmear_dn    			lepScale_up    			lepScale_dn    			lepSmear_up    			lepSmear_dn    			
sigma0         	      0.0541007			      0.0541007			      0.0541007			0.0562953419426			 0.153092959359			      0.0541007			      0.0541007			0.0933623200586			0.0111139614754			
sigma1         	        1.26166			        1.26166			        1.26166			  1.16478948428			  1.16346302253			        1.26166			        1.26166			  1.16187780797			  1.15443657857			
sigma2         	        11.0724			        11.0724			        11.0724			  19.9999212551			  19.9999134486			        11.0724			        11.0724			  19.9999130918			  19.9998280397			
sigma3         	         2.6061			         2.6061			         2.6061			   2.7311715991			   2.7305398995			         2.6061			         2.6061			  2.83179602137			  2.74808558874			
dm0            	     -0.0402202			0.0275955007904			-0.0543220207699			     -0.0402202			     -0.0402202			 0.301130325528			-0.0778732795099			     -0.0402202			     -0.0402202			
dm1            	      -0.254839			-0.275435766028			 -0.34070880629			      -0.254839			      -0.254839			-0.255389188984			-0.355336190274			      -0.254839			      -0.254839			
dm2            	       -1.87255			 -1.67049636233			 -1.86977470923			       -1.87255			       -1.87255			 -2.99999586187			 -2.99981628744			       -1.87255			       -1.87255			
dm3            	       -2.12744			 -1.63422961716			 -1.69317012156			       -2.12744			       -2.12744			 -1.59703873908			 -1.71914168602			       -2.12744			       -2.12744			
photonCatSmear=photon_Smear_M30_17,lepton_Smear_M30_17,
photonCatScale=photon_Scale_M30_17,lepton_Scale_M30_17,
diphotonCat=0
proc=ggh
photon_Smear_30_17	0.0	8.9275212551	0.0
lepton_Smear_30_17	0.0	8.9275212551	0.0
photon_Scale_30_17	0.0091567385004	0.0	0.0
lepton_Scale_30_17	0.0091567385004	0.0	0.0
