paramters      			normal         			phoScale_up    			phoScale_dn    			phoSmear_up    			phoSmear_dn    			lepScale_up    			lepScale_dn    			lepSmear_up    			lepSmear_dn    			
sigma0         	      0.0704068			      0.0704068			      0.0704068			 0.145052347839			 0.140518190052			      0.0704068			      0.0704068			  0.14253147977			  2.09934653862			
sigma1         	        1.40078			        1.40078			        1.40078			  1.33244897636			  1.33180577312			        1.40078			        1.40078			  1.34031063501			  1.33084370436			
sigma2         	       0.799094			       0.799094			       0.799094			 0.748590957678			  0.74273977805			       0.799094			       0.799094			 0.735105991622			 0.733280617934			
sigma3         	         3.0898			         3.0898			         3.0898			  4.36150041356			  4.36172736341			         3.0898			         3.0898			  4.44599423725			  4.39323715534			
dm0            	      0.0779263			-0.229809199662			  2.09758505098			      0.0779263			      0.0779263			-0.183065162255			0.0745720439577			      0.0779263			      0.0779263			
dm1            	      -0.329406			-0.283937866187			-0.338320433117			      -0.329406			      -0.329406			-0.229709877592			 -0.34096925373			      -0.329406			      -0.329406			
dm2            	     -0.0403169			-0.102124123781			-0.162052815006			     -0.0403169			     -0.0403169			-0.107074041431			-0.209434874796			     -0.0403169			     -0.0403169			
dm3            	       -2.16039			 -1.80636978679			 -1.85988714391			       -2.16039			       -2.16039			  -1.9258897611			 -2.05349186682			       -2.16039			       -2.16039			
photonCatSmear=photon_Smear_M15_18,lepton_Smear_M15_18,
photonCatScale=photon_Scale_M15_18,lepton_Scale_M15_18,
diphotonCat=0
proc=ggh
photon_Smear_15_18	0.0	2.02893973862	0.0
lepton_Smear_15_18	0.0	2.02893973862	0.0
photon_Scale_15_18	0.0161472036732	0.0	0.0
lepton_Scale_15_18	0.0161472036732	0.0	0.0
