paramters      			normal         			phoScale_up    			phoScale_dn    			phoSmear_up    			phoSmear_dn    			lepScale_up    			lepScale_dn    			lepSmear_up    			lepSmear_dn    			
sigma0         	      0.0724405			      0.0724405			      0.0724405			 0.742649431901			 0.753571290206			      0.0724405			      0.0724405			 0.753571290206			 0.753571290206			
sigma1         	        1.25249			        1.25249			        1.25249			  1.15982084671			  1.15819006536			        1.25249			        1.25249			  1.15212820836			   1.1471785114			
sigma2         	        10.4212			        10.4212			        10.4212			  19.9999689688			  19.9999640836			        10.4212			        10.4212			    19.99703313			  19.9965065336			
sigma3         	         2.6405			         2.6405			         2.6405			  2.83037227488			  2.82990838027			         2.6405			         2.6405			  2.94899480435			  2.87898981794			
dm0            	      -0.044217			 -1.47692445121			 -1.47692445121			      -0.044217			      -0.044217			 -1.47692445121			 -1.47692445121			      -0.044217			      -0.044217			
dm1            	      -0.241888			-0.295819668313			-0.359622888469			      -0.241888			      -0.241888			 -0.27554078109			-0.371443365295			      -0.241888			      -0.241888			
dm2            	       -1.72783			 -2.33796609164			 -2.38645512935			       -1.72783			       -1.72783			 -2.99999495682			 -2.99999786512			       -1.72783			       -1.72783			
dm3            	       -2.12743			 -1.61228600784			 -1.67030532566			       -2.12743			       -2.12743			 -1.59946118435			 -1.73082449986			       -2.12743			       -2.12743			
photonCatSmear=photon_Smear_M30_16,lepton_Smear_M30_16,
photonCatScale=photon_Scale_M30_16,lepton_Scale_M30_16,
diphotonCat=0
proc=ggh
photon_Smear_30_16	0.0	9.57876896877	0.0
lepton_Smear_30_16	0.0	9.57876896877	0.0
photon_Scale_30_16	0.011465715446	0.0	0.0
lepton_Scale_30_16	0.011465715446	0.0	0.0
